name	HW	Q1	Q2	Q3	Q_Ave	FINAL
LAA	4	50	87	100	79.00	73.20
AMAA	8	90	110	105	101.67	101.33
KDC	4	65	100	85	83.33	76.67
LRMC	8	93	100	85	92.67	94.13
TMBD	7	70	88	80	79.33	80.97
JDAD	8	77	105	105	95.67	96.53
JDRF	7	102	0	85	62.33	67.37
KPDG	8	103	105	90	99.33	99.47
JLCG	8	80	100	105	95.00	96.00
JELG	8	82	0	105	62.33	69.87
JAAJ	3	42	97	100	79.67	71.23
KEYL	8	125	105	105	111.67	109.33
ESSL	0	0	0	0	0.00	0.00
APBM	3	76	105	73	84.67	75.23
RRLM	8	103	100	105	102.67	102.13
ZBLR	0	0	0	0	0.00	0.00
MEER	7	0	88	55	47.67	55.63
TJRBR	8	102	105	80	95.67	96.53
MLPR	8	101	105	75	93.67	94.93
JLTT	8	80	105	85	90.00	92.00
BMCU	8	94	86	105	95.00	96.00
MMMV	8	39	50	105	64.67	71.73
KSNW	6	28	0	105	44.33	50.47
