name	1a	1b	1c	1d	1e	1f	1g	1h	1i	1j	2	Bonus	TOTAL
AAEA	5	5	5	5	10	10	10	10	5	10	20	10	105
EJMA	5	5	5	5	10	10	10	7	5	0	0	0	62
CLBA	5	5	5	5	5	10	10	10	10	10	20	5	100
PMACB	5	5	5	5	10	10	0	5	5	0	10	5	65
RMAB	5	5	5	5	10	10	10	10	10	10	10	0	90
CLBC	5	5	5	5	10	10	10	10	10	10	20	10	110
KSIC	na	na	na	na	na	na	na	na	na	na	na	na	0
CPC	5	5	5	5	10	10	10	10	10	10	10	5	95
NCTC	5	5	5	5	7	10	5	0	0	0	0	0	42
MVHYC	3	5	5	5	10	10	10	10	10	3	10	10	91
JCLC	5	5	5	5	10	10	10	10	10	10	10	0	90
MJCD	5	5	5	5	10	10	10	10	10	10	10	0	90
TMPD	5	5	5	5	10	10	10	5	5	5	20	0	85
DMACE	5	5	5	5	10	10	10	10	10	10	20	10	110
MAF	5	5	5	5	7	10	10	10	10	10	10	0	87
ANRG	5	5	5	5	7	10	10	10	10	10	20	10	107
DUK	5	5	5	5	10	10	10	10	10	10	20	5	105
CMSL	na	na	na	na	na	na	na	na	na	na	na	na	0
EJLM	5	5	5	5	10	10	10	10	10	10	10	0	90
RACM	5	5	5	5	7	10	10	10	10	10	10	5	92
LIRM	5	5	5	5	7	7	10	10	10	10	20	5	99
JAVP	5	5	5	5	10	10	10	10	10	10	20	10	110
JMAS	5	5	5	5	10	10	10	10	10	10	20	5	105
PCGS	5	5	5	5	10	10	10	10	10	10	20	5	105
CDLS	na	na	na	na	na	na	na	na	na	na	na	na	0
JALT	5	5	5	5	7	10	10	10	10	10	20	5	102
MST	5	5	5	5	10	10	10	10	10	10	20	5	105
JJDV	5	5	5	5	7	10	10	10	10	10	20	10	107
MNSCY	5	5	5	5	7	10	10	10	10	10	20	5	102
