HW	Q1	Q2	Q3	Q_ave	final
8	77	105	105	95.67	4
6	80	62	80	74.00	2
7	49	95	85	76.33	2.5
3	0	65	100	55.00	2
8	102	90	90	94.00	4
8	100	110	85	98.33	4
8	103	100	105	102.67	4
8	71	95	85	83.67	3
7	49	42	105	65.33	1.5
8	108	91	105	101.33	4
8	100	90	105	98.33	4
8	105	90	105	100.00	4
8	93	85	86	88.00	3.5
8	90	110	105	101.67	4
7	70	87	105	87.33	3
8	90	107	105	100.67	4
8	125	105	85	105.00	4
6	48	80	100	76.00	2
6	74	90	105	89.67	3
8	101	92	85	92.67	3.5
2	46	99	85	76.67	1
8	99	110	95	101.33	4
8	115	105	85	101.67	4
8	103	105	105	104.33	4
8	70	95	90	85.00	3.5
8	113	102	105	106.67	4
8	96	105	95	98.67	4
8	108	107	85	100.00	4
8	103	102	85	96.67	4
