name	1a	1b	1c	2a	2b	2c	2d	3a	3b	4a	4b	Bonus	TOTAL
AAEA	10	10	10	3	3	3	3	15	15	0	0	5	77
EJMA	10	10	0	5	5	5	5	15	15	10	0	0	80
CLBA	7	10	10	5	0	0	0	0	0	0	0	17	49
PMACB	na	na	na	na	na	na	na	na	na	na	na	na	na
RMAB	10	10	5	3	3	3	3	15	15	0	0	35	102
CLBC	10	10	5	5	5	5	5	15	15	5	5	15	100
KSIC	10	10	10	2	2	2	2	15	15	5	5	25	103
CPC	10	10	5	3	3	5	5	15	0	0	0	15	71
NCTC	10	10	5	2	0	0	0	10	7	0	0	5	49
MVHYC	5	10	10	3	5	5	5	15	15	5	5	25	108
JCLC	10	10	10	5	5	5	5	15	15	0	0	20	100
MJCD	10	10	10	5	5	5	5	15	15	5	5	15	105
TMPD	10	10	10	3	5	5	5	15	15	5	0	10	93
DMACE	10	10	0	5	5	5	5	15	15	0	0	20	90
MAF	10	5	5	5	5	5	5	15	15	0	0	0	70
ANRG	10	10	0	5	5	5	5	15	15	5	5	10	90
DUK	10	10	10	5	5	5	5	15	15	10	10	25	125
CMSL	10	10	0	3	5	0	0	0	0	0	0	20	48
EJLM	10	7	7	5	5	5	5	15	0	0	0	15	74
RACM	10	10	5	3	5	3	5	15	15	5	5	20	101
LIRM	8	0	0	3	5	5	5	0	0	0	0	20	46
JAVP	10	10	5	3	3	5	3	15	15	5	5	20	99
JMAS	10	10	10	5	5	5	5	15	15	10	0	25	115
PCGS	10	10	7	3	5	5	3	15	15	10	0	20	103
CDLS	10	10	7	5	5	5	3	10	0	0	0	15	70
JALT	10	10	10	3	5	5	5	15	15	5	5	25	113
MST	7	10	10	3	5	5	3	15	15	0	0	23	96
JJDV	10	10	7	3	5	5	5	15	15	5	5	23	108
MNSCY	10	10	5	3	5	5	5	15	15	5	5	20	103
